
strategic_region={
	id=52
	name="STRATEGICREGION_52"
	provinces={
		15 92 104 149 160 442 529 576 621 650 774 841 844 845 888 890 934 942 975 991 1067 1128 1252 1253 1317 1332 1427 1448 1501 1514 1562 1595 1627 1632 1738 1791 1815 1836 1880 1893 1965 2070 2132 2138 2165 2217 2285 2290 2347 2358 2362 2408 2477 2540 2581 2602 2642 2669 2720 2780 2792 2903 2951 2995 3007 3084 3097 3171 3177 3183 3234 3239 3301 3376 3406 3408 3453 3512 3537 3614 3620 3630 3647 3656 3712 3720 3721 3837 3840 3845 3869 3917 3934 3938 3982 4006 4038 4173 4200 4221 4296 4308 4311 4340 4499 4533 4567 4576 4592 4634 4662 4665 4691 4703 4704 4741 4848 4939 4941 4955 4968 4979 4982 4989 5044 5117 5119 5133 5173 5260 5261 5263 5346 5505 5513 5543 5585 5648 5746 5755 5886 5916 5939 6070 6110 6130 6148 6150 6162 6222 6257 6287 6335 6389 6391 6417 6437 6454 6464 6475 6519 6532 6545 6559 6644 6747 6780 6793 6817 6860 6902 6924 6932 6945 6977 7015 7085 7124 7178 7336 7345 7355 7359 7360 7382 7398 7421 7493 7517 7528 7566 7636 7659 7686 7704 7706 7730 7756 7761 7903 7907 7909 7919 7946 7958 7977 7994 8033 8074 8087 8089 8147 8172 8194 8202 8234 8239 8312 8341 8361 8371 8426 8458 8487 8497 8532 8592 8603 8613 8621 8623 8662 8706 8721 8768 8828 8832 8842 8854 8858 8903 8918 8944 9018 9028 9064 9072 9086 9091 9111 9141 9220 9240 9261 9279 9338 9351 9395 9456 9459 9601 9609 9709 9735 9814 9824 9836 9888 9904 9935 9954 9993 10006 10013 10022 10049 10057 10126 10195 10212 10227 10231 10250 10276 10301 10329 10332 10334 10358 10368 10394 10433 10461 10464 10473 10477 10511 10520 10571 10601 10626 10643 10697 10709 10792 10840 10845 10851 10859 10868 10884 10886 10913 10948 10953 10975 10977 10979 10985 11013 11038 11087 11107 11209 11222 11239 11250 11270 11297 11310 11323 11355 11363 11393 11413 11457 11478 11507 11569 11573 11619 13239 13409 13442 13475 13485 13524 13525 13527 13529 13558 13559 13563 13567 13584 13587 13595 13599 13611 13624 13645 13646 13648 13650 13655 13656 13659 13660 13670 13674 13675 13678 13679 13688 13692 13693 13694 13697 13707 13708 13716 13717 13724 13726 13727 13730 13731 13733 13740 13741 13747 13760 13761 13764 13765 13768 13774 13778 13783 13784 13793 13794 13798 13805 13809 13810 13817 13818 13822 13828 13831 13835 13840 13841 13847 13851 13873 13874 13877 13884 13885 13886 13887 13888 13890 13893 13904 13914 13915 13920 13921 13925 13926 13929 13944 13958 13963 13964 13970 13986 13993 13997 14001 14005 14006 14015 14029 14036 14038 14039 14041 14045 14046 14066 14067 14068 14069 14087 14093 14099 14103 14108 14111 14112 14131 14137 14139 14149 14167 14171 14172 14176 14177 14182 14199 14202 14206 14208 14219 14220 14224 14235 14248 14256 14260 14270 14271 14280 14282 14298 14300 14312 14319 14324 14330 14340 14350 14364 14370 14418 14424 14442 14450 14466 14488 14490 14506 14514 14518 14519 14526 14547 14550 14584 14593 14605 14614 14637 14654 14682 14713 14723 14740 14742 14754 14787 20301 20304 20320 20337 20338 
	}
	weather={
		period={
			between={ 0.0 30.0 }
			temperature={ -12.0 3.0 }
			temperature_day_night={ 7.0 -7.0 }
			no_phenomenon=0.550
			rain_light=0.100
			rain_heavy=0.050
			snow=0.400
			blizzard=0.050
			arctic_water=0.000
			mud=1.600
			sandstorm=0.000
			min_snow_level=0.000
		}
		period={
			between={ 0.1 27.1 }
			temperature={ -15.0 3.0 }
			temperature_day_night={ 7.0 -7.0 }
			no_phenomenon=0.600
			rain_light=0.100
			rain_heavy=0.050
			snow=0.400
			blizzard=0.050
			arctic_water=0.000
			mud=1.600
			sandstorm=0.000
			min_snow_level=0.000
		}
		period={
			between={ 0.2 30.2 }
			temperature={ -4.0 5.0 }
			temperature_day_night={ 7.0 -7.0 }
			no_phenomenon=0.550
			rain_light=0.150
			rain_heavy=0.050
			snow=0.300
			blizzard=0.100
			arctic_water=0.000
			mud=1.600
			sandstorm=0.000
			min_snow_level=0.000
		}
		period={
			between={ 0.3 29.3 }
			temperature={ 0.0 16.0 }
			temperature_day_night={ 7.0 -7.0 }
			no_phenomenon=0.600
			rain_light=0.350
			rain_heavy=0.100
			snow=0.150
			blizzard=0.000
			arctic_water=0.000
			mud=1.600
			sandstorm=0.000
			min_snow_level=0.000
		}
		period={
			between={ 0.4 30.4 }
			temperature={ 7.0 19.0 }
			temperature_day_night={ 6.0 -6.0 }
			no_phenomenon=0.600
			rain_light=0.400
			rain_heavy=0.100
			snow=0.000
			blizzard=0.000
			arctic_water=0.000
			mud=1.600
			sandstorm=0.000
			min_snow_level=0.000
		}
		period={
			between={ 0.5 29.5 }
			temperature={ 11.0 22.0 }
			temperature_day_night={ 8.0 -8.0 }
			no_phenomenon=0.600
			rain_light=0.250
			rain_heavy=0.150
			snow=0.000
			blizzard=0.000
			arctic_water=0.000
			mud=1.600
			sandstorm=0.000
			min_snow_level=0.000
		}
		period={
			between={ 0.6 30.6 }
			temperature={ 13.0 24.0 }
			temperature_day_night={ 8.0 -8.0 }
			no_phenomenon=0.600
			rain_light=0.250
			rain_heavy=0.150
			snow=0.000
			blizzard=0.000
			arctic_water=0.000
			mud=1.600
			sandstorm=0.000
			min_snow_level=0.000
		}
		period={
			between={ 0.7 30.7 }
			temperature={ 12.0 23.0 }
			temperature_day_night={ 8.0 -8.0 }
			no_phenomenon=0.600
			rain_light=0.250
			rain_heavy=0.150
			snow=0.000
			blizzard=0.000
			arctic_water=0.000
			mud=1.600
			sandstorm=0.000
			min_snow_level=0.000
		}
		period={
			between={ 0.8 29.8 }
			temperature={ 7.0 17.0 }
			temperature_day_night={ 8.0 -8.0 }
			no_phenomenon=0.600
			rain_light=0.250
			rain_heavy=0.150
			snow=0.000
			blizzard=0.000
			arctic_water=0.000
			mud=1.600
			sandstorm=0.000
			min_snow_level=0.000
		}
		period={
			between={ 0.9 30.9 }
			temperature={ 3.0 10.0 }
			temperature_day_night={ 8.0 -8.0 }
			no_phenomenon=0.550
			rain_light=0.200
			rain_heavy=0.100
			snow=0.150
			blizzard=0.000
			arctic_water=0.000
			mud=1.600
			sandstorm=0.000
			min_snow_level=0.000
		}
		period={
			between={ 0.10 29.10 }
			temperature={ -5.0 5.0 }
			temperature_day_night={ 8.0 -8.0 }
			no_phenomenon=0.550
			rain_light=0.100
			rain_heavy=0.150
			snow=0.300
			blizzard=0.050
			arctic_water=0.000
			mud=1.600
			sandstorm=0.000
			min_snow_level=0.000
		}
		period={
			between={ 0.11 30.11 }
			temperature={ -7.0 -2.0 }
			temperature_day_night={ 8.0 -8.0 }
			no_phenomenon=0.200
			rain_light=0.130
			rain_heavy=0.070
			snow=0.450
			blizzard=0.050
			arctic_water=0.000
			mud=1.600
			sandstorm=0.000
			min_snow_level=0.010
		}
	}
}
