
strategic_region={
	id=70
	name="STRATEGICREGION_70"
	provinces={
		76 105 123 130 170 247 328 376 379 416 417 429 463 532 550 559 582 644 671 718 749 767 780 805 816 830 832 838 855 921 925 932 933 967 969 1033 1069 1083 1099 1109 1121 1202 1234 1282 1308 1315 1341 1363 1377 1392 1396 1491 1512 1535 1551 1608 1629 1710 1720 1746 1772 1789 1802 1806 1831 1845 1861 1889 1899 1907 1911 1941 1949 2080 2124 2142 2218 2234 2391 2393 2406 2466 2492 2499 2511 2557 2590 2600 2633 2644 2660 2678 2697 2745 2754 2764 2812 2833 2851 2886 2897 2918 2941 2997 3013 3024 3051 3123 3155 3163 3185 3231 3317 3335 3345 3364 3381 3545 3703 3743 3750 3759 3762 3772 3774 3797 3808 3810 3819 3835 3874 3942 4005 4007 4033 4062 4097 4149 4167 4169 4177 4181 4225 4275 4281 4309 4321 4345 4352 4409 4428 4472 4522 4535 4549 4590 4598 4638 4656 4660 4683 4688 4699 4738 4774 4795 4812 4838 4856 4857 4873 4895 4967 4991 5067 5080 5103 5184 5207 5227 5232 5258 5342 5353 5370 5410 5411 5445 5507 5625 5672 5680 5686 5693 5740 5761 5781 5797 5825 5833 5838 5845 5846 5906 5914 5930 6010 6019 6029 6083 6095 6136 6147 6185 6192 6216 6223 6265 6276 6303 6324 6328 6332 6450 6536 6557 6587 6600 6667 6705 6712 6726 6731 6732 6784 6807 6823 6840 6868 6886 6928 6935 6956 6965 6974 6978 6992 6997 7045 7068 7078 7080 7082 7094 7127 7161 7164 7246 7259 7261 7267 7286 7323 7327 7342 7373 7381 7404 7414 7466 7468 7483 7595 7596 7622 7631 7634 7646 7649 7664 7701 7705 7783 7862 7872 7883 7887 7906 7913 7933 7966 8013 8027 8036 8057 8102 8155 8170 8195 8221 8306 8325 8336 8370 8385 8403 8430 8442 8462 8467 8489 8493 8586 8630 8654 8659 8698 8700 8730 8739 8752 8781 8786 8796 8925 8941 8972 8976 8986 8991 9002 9017 9066 9089 9096 9143 9149 9152 9156 9169 9178 9199 9223 9224 9227 9251 9323 9343 9360 9363 9376 9386 9415 9433 9450 9455 9457 9468 9476 9480 9553 9598 9627 9640 9680 9716 9726 9798 9806 9815 9818 9823 9899 9905 9943 9966 9968 9997 10076 10107 10144 10154 10201 10211 10259 10266 10321 10346 10369 10393 10431 10457 10475 10483 10501 10507 10550 10563 10577 10588 10610 10639 10651 10674 10685 10700 10703 10731 10830 10848 10887 10920 10997 11098 11103 11191 11195 11243 11249 11288 11332 11349 11362 11370 11380 11420 11423 11449 11497 11501 11524 11533 11576 11584 11593 13328 13344 13355 13501 13510 13518 13520 13536 13568 13576 13625 13626 13640 13661 13664 13665 13671 13680 13695 13702 13713 13714 13718 13742 13749 13757 13785 13799 13819 13820 13823 13826 13842 13862 13889 13895 13906 13930 13933 13954 13955 13959 13967 13981 13982 13987 13988 13994 14007 14012 14026 14040 14047 14048 14051 14052 14053 14060 14064 14073 14086 14094 14095 14096 14100 14104 14113 14122 14127 14129 14132 14133 14138 14142 14150 14154 14155 14163 14166 14168 14169 14170 14178 14179 14187 14192 14201 14209 14216 14217 14221 14225 14227 14231 14232 14238 14243 14246 14249 14253 14257 14261 14262 14267 14272 14273 14274 14278 14281 14289 14291 14293 14294 14301 14302 14307 14308 14309 14310 14313 14315 14316 14320 14325 14331 14337 14338 14342 14343 14344 14346 14356 14358 14361 14362 14365 14368 14371 14375 14376 14379 14380 14381 14388 14392 14401 14406 14408 14409 14415 14420 14421 14422 14427 14428 14432 14433 14434 14438 14443 14444 14446 14449 14451 14455 14456 14457 14460 14476 14482 14483 14484 14495 14496 14497 14502 14507 14508 14520 14521 14524 14527 14530 14537 14538 14548 14549 14551 14552 14553 14560 14567 14572 14577 14585 14589 14594 14606 14607 14619 14620 14625 14630 14635 14638 14639 14640 14641 14642 14645 14655 14663 14664 14668 14677 14678 14683 14684 14685 14686 14689 14694 14699 14700 14707 14714 14719 14727 14728 14730 14731 14735 14738 14746 14749 14765 14767 14768 14770 14791 14814 14826 14864 14889 14891 14892 14895 14907 14929 14940 14994 17300 17308 17310 17311 17312 17316 18002 20302 20303 20329 
	}
	weather={
		period={
			between={ 0.0 30.0 }
			temperature={ -10.0 35.0 }
			temperature_day_night={ 2.0 -2.0 }
			no_phenomenon=1.500
			rain_light=0.250
			rain_heavy=0.100
			snow=0.000
			blizzard=0.000
			arctic_water=0.000
			mud=0.000
			sandstorm=0.000
			min_snow_level=0.000
		}
		period={
			between={ 0.1 27.1 }
			temperature={ -29.0 -12.0 }
			temperature_day_night={ 12.0 -12.0 }
			no_phenomenon=0.250
			rain_light=0.000
			rain_heavy=0.000
			snow=0.600
			blizzard=0.200
			arctic_water=0.000
			mud=1.000
			sandstorm=0.000
			min_snow_level=0.100
		}
		period={
			between={ 0.2 30.2 }
			temperature={ -15.0 -5.0 }
			temperature_day_night={ 10.0 -10.0 }
			no_phenomenon=0.300
			rain_light=0.000
			rain_heavy=0.000
			snow=0.700
			blizzard=0.300
			arctic_water=0.000
			mud=1.000
			sandstorm=0.000
			min_snow_level=0.000
		}
		period={
			between={ 0.3 29.3 }
			temperature={ -5.0 8.0 }
			temperature_day_night={ 10.0 -10.0 }
			no_phenomenon=0.500
			rain_light=0.120
			rain_heavy=0.060
			snow=0.030
			blizzard=0.000
			arctic_water=0.000
			mud=1.000
			sandstorm=0.000
			min_snow_level=0.000
		}
		period={
			between={ 0.4 30.4 }
			temperature={ 0.0 15.0 }
			temperature_day_night={ 10.0 -10.0 }
			no_phenomenon=0.400
			rain_light=0.150
			rain_heavy=0.050
			snow=0.000
			blizzard=0.000
			arctic_water=0.000
			mud=1.000
			sandstorm=0.000
			min_snow_level=0.000
		}
		period={
			between={ 0.5 29.5 }
			temperature={ 6.0 16.0 }
			temperature_day_night={ 10.0 -10.0 }
			no_phenomenon=0.400
			rain_light=0.150
			rain_heavy=0.050
			snow=0.000
			blizzard=0.000
			arctic_water=0.000
			mud=1.000
			sandstorm=0.000
			min_snow_level=0.000
		}
		period={
			between={ 0.6 30.6 }
			temperature={ 10.0 17.0 }
			temperature_day_night={ 10.0 -10.0 }
			no_phenomenon=0.500
			rain_light=0.150
			rain_heavy=0.050
			snow=0.000
			blizzard=0.000
			arctic_water=0.000
			mud=1.000
			sandstorm=0.000
			min_snow_level=0.000
		}
		period={
			between={ 0.7 30.7 }
			temperature={ 7.0 13.0 }
			temperature_day_night={ 10.0 -10.0 }
			no_phenomenon=0.500
			rain_light=0.200
			rain_heavy=0.050
			snow=0.000
			blizzard=0.000
			arctic_water=0.000
			mud=1.000
			sandstorm=0.000
			min_snow_level=0.000
		}
		period={
			between={ 0.8 29.8 }
			temperature={ 7.0 16.0 }
			temperature_day_night={ 10.0 -10.0 }
			no_phenomenon=0.500
			rain_light=0.250
			rain_heavy=0.070
			snow=0.300
			blizzard=0.000
			arctic_water=0.000
			mud=1.000
			sandstorm=0.000
			min_snow_level=0.000
		}
		period={
			between={ 0.9 30.9 }
			temperature={ -10.0 8.0 }
			temperature_day_night={ 10.0 -10.0 }
			no_phenomenon=0.500
			rain_light=0.150
			rain_heavy=0.050
			snow=0.500
			blizzard=0.000
			arctic_water=0.000
			mud=1.000
			sandstorm=0.000
			min_snow_level=0.000
		}
		period={
			between={ 0.10 29.10 }
			temperature={ -20.0 -12.0 }
			temperature_day_night={ 10.0 -10.0 }
			no_phenomenon=0.350
			rain_light=0.180
			rain_heavy=0.050
			snow=0.700
			blizzard=0.200
			arctic_water=0.000
			mud=1.000
			sandstorm=0.000
			min_snow_level=0.000
		}
		period={
			between={ 0.11 30.11 }
			temperature={ -28.0 -12.0 }
			temperature_day_night={ 10.0 -10.0 }
			no_phenomenon=0.250
			rain_light=0.000
			rain_heavy=0.000
			snow=0.800
			blizzard=0.250
			arctic_water=0.000
			mud=1.000
			sandstorm=0.000
			min_snow_level=0.100
		}
		period={
			between={ 4.11 21.11 }
			temperature={ 7.0 -7.0 }
			temperature_day_night={ 12.0 -12.0 }
			no_phenomenon=0.250
			rain_light=0.000
			rain_heavy=0.000
			snow=0.600
			blizzard=0.350
			arctic_water=0.000
			mud=1.000
			sandstorm=0.000
			min_snow_level=0.100
		}
	}
}
