
state={
	id=143
	name="STATE_143"

	history={
		buildings = {
			infrastructure = 1

		}
	}

	provinces={
		90 334 485 1365 1372 1548 1604 1765 1824 1901 1919 1933 2236 2257 2390 2404 2819 2860 2910 3212 3706 3724 3749 3888 4732 4754 5188 5580 5600 6097 6575 6920 7010 7817 8238 9133 9162 9524 9714 11299 11521 16063 16066 16089 16103 16108 16129 16134 16161 16175 16193 16204 16207 16261 16281 16298 16398 16411 16432 16461 
	}
	manpower=1734
	buildings_max_level_factor=1.000
	state_category=wasteland
	impassable=yes
}
