
state={
	id=145
	name="STATE_145"
	resources={
		oil=36.000
	}

	history={
		owner = PER
		add_core_of = PER
		buildings = {
			infrastructure = 5
			arms_factory = 1
			industrial_complex = 2
			air_base = 4

		}
		victory_points = {
			8482 20 
		}
		victory_points = {
			16347 1 
		}
		victory_points = {
			2975 10 
		}
		victory_points = {
			8755 1 
		}
		victory_points = {
			10351 1 
		}
		victory_points = {
			8766 1 
		}
		victory_points = {
			7931 1 
		}

	}

	provinces={
		153 189 222 271 440 791 937 938 1102 1194 1307 1321 1368 1375 1584 1661 1714 1843 2073 2100 2200 2214 2240 2301 2380 2534 2576 2625 2686 2832 2838 2949 2973 2975 3728 3809 3939 4048 4053 4121 4402 4438 4455 4497 4654 5112 5123 5153 5339 5534 5699 5842 6135 6220 6366 6414 6473 6503 6656 6675 6689 6918 6993 7206 7486 7501 7662 7699 7715 7845 7931 8084 8114 8414 8482 8510 8718 8755 8766 8851 8879 8906 8964 9006 9129 9488 9632 9635 9921 9976 10043 10189 10351 10426 10449 10476 10642 11335 11635 16058 16064 16090 16130 16136 16164 16168 16194 16223 16233 16258 16268 16271 16280 16284 16289 16290 16305 16327 16342 16347 16354 16365 16369 16392 16395 16410 16421 16425 16433 16435 16464 16476 16481 16484 16490 16501 16510 16516 16519 16525 16528 16540 16541 16546 16549 16565 16571 17378 17389 19713 
	}
	manpower=2044165
	buildings_max_level_factor=1.000
	state_category=town
}
