
state={
	id=179
	name="STATE_179"
	resources={
		oil=14.000
		aluminium=12.000
	}

	history={
		buildings = {
			infrastructure = 5

		}
		victory_points = {
			10601 1 
		}
		victory_points = {
			7706 1 
		}

	}

	provinces={
		92 576 844 934 1067 1253 1427 1448 2165 2285 2290 2358 2408 3007 3171 3614 3721 4533 4567 4576 4662 4703 4741 4848 4941 4982 5117 5119 5133 5260 5513 5886 6475 7355 7706 7730 7761 7994 8312 8341 8458 9018 9111 9220 9279 9459 9601 9935 10013 10022 10329 10332 10601 11209 11222 11250 13239 13993 14005 14006 14029 14069 14087 14112 14131 14176 14177 14199 14208 14220 14270 14271 14280 14300 14319 14324 14330 14340 14364 14370 14442 14466 14506 14526 20301 20304 
	}
	manpower=1218000
	buildings_max_level_factor=1.000
	state_category=town
}
