
state={
	id=184
	name="STATE_184"
	resources={
		steel=56.000
	}

	history={
		buildings = {
			infrastructure = 5
			industrial_complex = 1
			arms_factory = 1

		}
		victory_points = {
			13731 20 
		}
		victory_points = {
			13888 1 
		}
		victory_points = {
			13944 1 
		}

	}

	provinces={
		650 774 845 975 2217 2477 2780 2951 3097 3234 3239 3537 3720 3837 3840 3869 3934 4173 4200 4665 4704 5173 5261 5346 6148 6150 6162 6335 6391 6417 6532 6902 6924 7085 7336 7636 7756 7909 7958 7977 8089 8194 8371 8592 8662 8706 8828 8842 8854 9028 9086 9261 9338 9395 9709 10006 10057 10212 10250 10301 10358 10477 10571 10643 10845 10886 10953 10977 11013 11355 11363 11393 11619 13485 13527 13529 13587 13595 13648 13650 13656 13670 13674 13675 13679 13693 13694 13716 13717 13731 13741 13747 13761 13765 13768 13774 13778 13784 13793 13794 13798 13810 13817 13818 13822 13835 13847 13851 13877 13884 13885 13888 13890 13893 13904 13914 13915 13926 13944 
	}
	manpower=2701200
	buildings_max_level_factor=1.000
	state_category=town
}
