
state={
	id=197
	name="STATE_197"

	history={
		buildings = {
			infrastructure = 5
			industrial_complex = 1

		}
		victory_points = {
			7794 20 
		}
		victory_points = {
			6543 1 
		}
		victory_points = {
			13795 1 
		}
		victory_points = {
			7254 1 
		}
		victory_points = {
			6541 1 
		}
		victory_points = {
			1279 1 
		}
		victory_points = {
			904 1 
		}
		victory_points = {
			3286 1 
		}
		victory_points = {
			4148 1 
		}

	}

	provinces={
		97 604 628 687 770 904 958 998 1175 1207 1335 1344 1735 1762 2014 2129 2273 2322 2334 2384 2424 2478 2538 2606 2631 2788 3075 3082 3207 3286 3409 3570 3636 3651 4103 4147 4227 4386 4668 4714 4821 4885 4893 5135 5187 5542 5727 5810 5864 5994 6093 6452 6541 6543 6875 6877 6911 7004 7027 7213 7254 7424 7514 7535 7614 7794 8066 8276 8280 8368 8549 8551 8686 8762 8793 8974 9333 9604 9846 9915 10319 10363 10454 10481 10538 10616 10641 10683 10812 10980 11219 11258 11343 13234 13247 13253 13265 13269 13271 13277 13289 13306 13332 13338 13339 13365 13367 13374 13383 13392 13396 13397 13402 13416 13422 13450 13459 13471 13500 13509 13534 13535 13541 13550 13560 13575 13590 13601 13602 13637 13649 13651 13698 13701 13725 13728 13736 13795 13806 13913 
	}
	manpower=1601000
	buildings_max_level_factor=1.000
	state_category=town
}
