
state={
	id=199
	name="STATE_199"

	history={
		buildings = {
			infrastructure = 5
			arms_factory = 4

		}
		victory_points = {
			12947 1 
		}
		victory_points = {
			5467 1 
		}
		victory_points = {
			12991 5 
		}
		victory_points = {
			13089 1 
		}

	}

	provinces={
		27 419 497 509 511 1168 1530 1814 2047 2318 2379 2501 2530 2857 2915 3176 3274 3328 3907 4139 4451 4473 4632 5223 5280 5304 5467 6209 6494 6629 6777 6889 6986 7003 7046 7070 7300 7324 7752 7940 8123 8245 8251 8284 8723 8884 9092 9723 9809 10089 10102 10169 10596 11061 11381 11383 11588 12947 12965 12991 13009 13022 13048 13059 13061 13064 13087 13089 13090 13115 13122 13149 13188 13193 13214 13259 13293 13318 13331 13333 13361 13371 13390 13405 13420 13421 13431 13438 13465 13489 13492 20339 
	}
	manpower=1183000
	buildings_max_level_factor=1.000
	state_category=town
}
