
state={
	id=267
	name="STATE_267"

	history={
		buildings = {
			infrastructure = 1

		}

	}

	provinces={
		125 220 387 798 859 1115 1137 1743 1816 2409 2516 2776 2981 3348 3437 3621 3825 3855 4129 4896 5052 5274 5330 5418 5426 5587 5894 5899 5945 6107 6422 6582 6623 6637 6647 6861 6943 7249 7353 7687 7750 7939 8275 8459 8669 9067 9288 9533 9548 9584 9659 9696 9845 10186 10263 11331 11338 11542 14498 14616 14651 14665 14674 14701 14708 14710 14715 14724 14739 14747 14750 14758 14776 14779 14792 14820 14844 14854 14879 
	}
	manpower=29406
	buildings_max_level_factor=1.000
	state_category=wasteland
}
