
state={
	id=312
	name="STATE_312"

	history={
		buildings = {
			infrastructure = 1

		}

	}

	provinces={
		1 2 14 28 78 85 91 101 102 108 111 115 117 139 145 152 161 174 180 183 185 191 203 213 217 226 227 229 236 290 308 310 312 332 347 366 380 395 402 407 443 462 465 478 481 513 528 531 545 560 575 579 591 601 629 637 639 646 668 696 720 729 730 771 773 792 795 796 801 835 843 852 853 861 870 871 901 910 915 922 931 943 945 965 966 971 972 989 1008 1025 1055 1059 1060 1070 1081 1106 1108 1113 1147 1188 1212 1214 1223 1249 1266 1286 1291 1297 1327 1330 1343 1351 1399 1412 1413 1430 1472 1473 1478 1479 1539 1549 1556 1558 1573 1581 1651 1684 1695 1736 1767 1776 1779 1812 1823 1830 1976 1984 1985 1989 2013 2015 2020 2028 2054 2055 2064 2074 2097 2102 2115 2137 2158 2159 2162 2171 2221 2229 2239 2249 2278 2297 2300 2314 2315 2325 2329 2343 2344 2351 2353 2389 2448 2452 2484 2487 2509 2560 2565 2588 2630 2646 2658 2666 2682 2693 2718 2751 2761 2766 2818 2858 2868 2872 2883 2929 2939 2940 2967 2996 3025 3029 3037 3042 3047 3054 3065 3074 3086 3099 3115 3119 3193 3194 3197 3225 3244 3293 3318 3324 3337 3366 3377 3397 3433 3446 3454 3458 3460 3472 3484 3507 3560 3583 3584 3589 3600 3664 3671 3676 3732 3734 3738 3748 3758 3767 3802 3818 3821 3836 3852 3877 3910 3941 3964 4018 4024 4037 4076 4085 4118 4182 4230 4264 4276 4318 4322 4366 4394 4399 4418 4425 4470 4484 4486 4521 4526 4529 4589 4602 4603 4609 4615 4625 4644 4651 4694 4700 4701 4709 4718 4726 4784 4860 4868 4875 4876 4886 4903 4911 4914 4937 4946 4964 4971 5022 5061 5099 5102 5110 5147 5191 5196 5219 5269 5292 5322 5338 5397 5433 5460 5462 5472 5477 5494 5538 5563 5596 5599 5624 5636 5697 5722 5726 5735 5829 5867 5879 5934 5950 5958 5960 5972 5991 6035 6053 6077 6200 6231 6255 6274 6301 6307 6320 6349 6365 6381 6390 6407 6423 6429 6460 6478 6482 6552 6609 6624 6738 6741 6742 6759 6785 6833 6842 6876 6878 6887 6900 6905 6916 7001 7035 7042 7081 7125 7135 7146 7218 7316 7358 7393 7402 7447 7461 7509 7526 7531 7533 7542 7584 7681 7712 7740 7747 7767 7769 7789 7806 7821 7851 7875 7882 7908 7916 7929 7969 8016 8081 8175 8186 8203 8220 8227 8237 8247 8268 8326 8348 8372 8486 8507 8533 8537 8562 8626 8636 8655 8657 8661 8665 8693 8712 8748 8758 8837 8938 8949 8950 9005 9012 9042 9065 9071 9082 9097 9201 9228 9232 9311 9337 9399 9465 9467 9523 9566 9592 9603 9624 9656 9682 9728 9738 9773 9813 9847 9861 9862 9889 9895 9916 9929 9939 9980 9986 10011 10024 10033 10051 10054 10058 10092 10150 10183 10205 10225 10252 10372 10379 10388 10398 10404 10410 10424 10439 10515 10518 10557 10593 10633 10665 10708 10711 10751 10763 10828 10880 10932 10966 11074 11082 11114 11116 11122 11159 11202 11216 11241 11269 11291 11328 11358 11375 11400 11403 11451 11452 11490 11526 11567 11587 11602 11607 11615 16472 16479 16500 16514 16531 16536 16537 16544 16550 16560 16564 16570 16572 16573 16578 16579 16580 16583 16587 16589 16590 16596 16603 16604 16610 16611 16612 16621 16622 16623 16627 16630 16631 16632 16636 16638 16641 16643 16644 16645 16646 16647 16648 16654 16655 16656 16657 16658 16659 16661 16662 16664 16667 16668 16669 16670 16671 16672 16673 16675 16677 16678 16679 16681 16682 16683 16684 16686 16687 16688 16689 16692 16693 16694 16695 16696 16699 16701 16702 16709 16712 16713 16721 16722 16723 16725 16729 16731 16736 16737 16747 16749 16750 16751 16753 16759 16763 16768 16769 16777 16779 16780 16781 16782 16787 16788 16789 16792 16796 16802 16807 16808 16810 16813 16817 16821 16826 16827 16831 16841 16855 16858 16863 16877 16892 16894 16897 16905 16914 16938 16979 16984 16994 16999 17000 17003 17023 17032 17039 17040 17052 17055 17078 17085 17087 17090 17113 17126 17127 17137 17144 17151 17156 17160 
	}
	manpower=1
	buildings_max_level_factor=1.000
	state_category=wasteland
}
