
state={
	id=328
	name="STATE_328"

	history={
		buildings = {
			infrastructure = 1

		}

	}

	provinces={
		126 166 447 565 592 1248 1431 1489 1498 1647 1688 2164 2209 2320 2650 2695 3030 3053 3240 3309 3419 3524 3930 4091 4211 4239 4723 5233 5336 5750 5796 6139 6267 6444 6456 6707 6897 6912 7012 7452 7583 7732 7965 8380 8818 9100 9112 9550 9887 10027 10296 10491 10963 11092 11276 11321 13379 13415 13439 13454 13497 13505 13621 13681 13689 13709 13737 13743 13824 13839 13879 13907 13947 14011 
	}
	manpower=2833
	buildings_max_level_factor=1.000
	state_category=wasteland
	impassable=yes
}
