
state={
	id=351
	name="STATE_351"

	history={
		owner = PER
		add_core_of = PER
		buildings = {
			infrastructure = 1

		}

	}

	provinces={
		267 309 413 544 594 600 724 745 759 847 911 999 1141 1208 1260 1346 1561 1582 1793 1931 2079 2183 2271 2339 2360 2923 3058 3211 3261 3652 3984 4070 4222 4477 4595 5237 5300 5837 6686 6973 7056 7106 7268 7431 7445 7781 8565 9030 9587 9782 10155 10188 10214 10987 11439 11447 15047 15200 15267 15315 15331 15363 15369 15401 15415 15695 15697 15755 
	}
	manpower=17332
	buildings_max_level_factor=1.000
	state_category=wasteland
}
