
state={
	id=354
	name="STATE_354"

	history={
		owner = PER
		add_core_of = PER
		buildings = {
			infrastructure = 1

		}

	}

	provinces={
		131 218 263 319 333 754 812 961 1077 1120 1357 1428 1777 1929 1935 2011 2508 2710 2830 3102 3581 3682 4115 4265 4415 5108 5230 5595 5974 6026 6039 6373 6607 6701 7280 7401 7451 7478 7921 8124 9705 10542 10992 11265 11427 15854 15925 15946 16028 16131 16149 16212 16254 16301 
	}
	manpower=31783
	buildings_max_level_factor=1.000
	state_category=wasteland
}
