
state={
	id=398
	name="STATE_398"

	history={
		buildings = {
			infrastructure = 5

		}

	}

	provinces={
		104 529 621 2540 2581 3376 3453 3656 3938 3982 5044 5916 6222 6257 6389 6747 6780 7015 7382 7704 7919 7946 8721 8832 8944 9091 9456 9904 9993 10227 10433 10464 10792 10840 10868 10884 11107 11457 11478 11573 14424 14450 14488 14490 14514 14518 14519 14547 14550 14584 14593 14605 14614 14637 14654 14682 14713 14723 14740 14742 14754 14787 
	}
	manpower=280640
	buildings_max_level_factor=1.000
	state_category=rural
}
