
state={
	id=466
	name="STATE_466"

	history={
		buildings = {
			infrastructure = 1

		}

	}

	provinces={
		8 60 337 425 445 665 883 920 1023 1426 1452 1728 2003 2122 2537 2793 2926 3130 3292 3372 3572 3800 3892 4404 4476 4530 5086 5203 5559 5594 5979 6067 6085 6104 6468 6514 6612 6985 7202 7377 7626 7683 7702 7727 7985 8064 9080 9213 9277 9620 9909 10018 10497 10544 11561 16937 16941 16945 16950 16968 16980 16983 16997 17018 17046 17069 17081 17084 17102 17136 17146 
	}
	manpower=15000
	buildings_max_level_factor=1.000
	state_category=wasteland
	impassable=yes
}
