
state={
	id=69
	name="STATE_69"

	history={
		owner = FRA
		add_core_of = FRA
		buildings = {
			infrastructure = 5

		}

	}

	provinces={
		238 262 461 1912 1944 3522 5277 5355 6253 7541 8347 8567 8607 8722 8921 8947 9619 10267 10378 15204 15265 15289 15296 15303 15314 15359 15391 15393 15399 19846 19849 19857 19866 19869 19870 19872 19875 19876 19878 19885 19887 19891 19895 19896 19902 19904 19907 19910 19912 19913 19919 19992 20121 
	}
	manpower=1343700
	buildings_max_level_factor=1.000
	state_category=large_town
}
